0 734
1 0
2 166
2 169
2 777
3 312
4 277
5 651
5 728
6 668
6 719
7 664
8 438
9 557
10 426
10 536
10 752
11 293
12 632
13 626
14 655
14 786
15 577
16 483
16 557
16 687
17 231
17 385
18 214
19 33
19 607
20 282
21 685
22 303
23 224
23 557
23 776
24 254
25 776
26 483
26 557
27 53
27 88
27 783
28 717
29 325
30 162
30 488
31 643
32 605
33 467
34 409
35 428
36 117
37 346
38 3
38 631
39 169
39 557
40 74
40 647
41 303
41 378
41 740
42 328
43 441
44 598
45 267
46 254
46 355
47 53
47 782
48 80
48 406
49 237
50 28
50 60
50 94
51 404
52 152
52 181
52 703
53 320
53 332
54 449
54 786
55 190
55 324
55 668
56 604
57 184
58 126
59 409
60 140
60 141
61 167
62 115
63 468
63 557
64 388
65 70
65 150
65 441
66 405
67 150
67 776
68 726
69 175
69 780
70 504
71 245
72 254
72 267
73 58
74 43
74 247
74 255
75 150
76 735
77 240
78 668
78 735
79 405
80 336
81 101
82 668
82 776
82 787
83 617
83 668
84 156
85 293
85 570
85 617
86 400
87 400
88 376
88 501
88 699
89 719
89 786
90 668
91 301
91 423
92 87
93 328
94 668
95 722
96 577
97 611
97 770
98 329
98 740
98 774
99 157
99 293
99 570
100 293
101 381
102 555
102 582
103 212
103 367
103 483
104 577
105 233
105 688
106 217
107 379
108 395
109 52
109 581
110 510
111 68
111 614
112 378
113 19
113 255
113 354
114 70
114 557
115 665
116 181
117 506
117 507
118 367
119 478
119 547
120 53
120 240
121 258
121 504
122 363
122 657
123 571
123 756
124 144
124 159
124 221
125 634
125 688
126 639
127 640
127 709
128 206
129 166
129 472
130 147
131 101
131 403
132 731
133 107
133 557
133 695
134 174
134 525
135 181
135 715
136 48
136 55
136 600
137 607
138 557
139 59
139 351
139 452
140 668
140 776
141 761
141 762
142 570
142 617
143 321
144 470
144 603
145 188
145 668
146 405
147 557
148 270
149 719
150 184
150 761
151 717
152 223
152 592
152 637
153 569
153 721
154 336
155 771
156 450
157 20
157 233
158 2
158 460
159 628
160 102
161 102
161 273
161 287
162 132
162 515
162 786
163 639
163 640
164 40
164 41
165 150
165 298
166 76
166 745
167 373
168 192
168 338
168 498
169 556
170 34
170 635
170 732
171 217
172 360
173 298
173 668
174 166
175 735
176 116
177 249
177 515
178 243
179 311
179 608
180 50
181 249
181 381
182 285
182 368
182 751
183 504
184 76
184 601
185 287
186 347
186 433
187 159
187 161
188 63
188 653
189 776
190 163
190 515
191 668
191 672
192 342
192 542
192 543
193 204
193 452
194 294
194 774
194 784
195 89
195 738
196 257
197 202
197 557
198 224
198 698
199 312
200 323
200 360
201 133
202 557
202 701
203 168
204 315
204 665
204 779
205 204
205 772
206 61
206 481
207 452
207 492
207 505
208 307
208 719
209 311
209 345
209 608
210 739
211 324
212 247
213 49
213 244
214 572
215 27
215 452
215 600
216 326
217 668
218 243
218 690
219 313
219 742
220 68
220 360
220 635
221 39
222 633
223 324
223 668
224 57
225 150
225 200
226 76
226 181
227 581
228 639
228 718
229 680
230 275
230 509
230 626
231 454
232 130
232 246
232 528
233 749
233 776
234 719
235 698
236 138
237 353
238 214
238 571
238 785
239 315
239 665
239 779
240 446
241 577
241 765
242 240
242 487
242 587
243 86
243 454
243 526
244 642
245 476
245 530
246 204
247 102
248 283
248 484
249 653
250 201
250 557
251 588
252 35
253 786
254 39
254 153
255 283
256 460
257 127
257 301
257 423
258 441
259 187
259 313
260 668
261 125
262 324
263 245
263 322
264 77
265 577
266 505
267 274
268 18
268 181
268 284
269 181
269 207
270 63
271 717
272 95
272 639
273 668
274 245
274 265
275 249
276 366
276 474
277 749
277 776
278 749
279 58
279 183
280 766
281 220
281 368
282 565
283 104
284 441
284 519
285 80
285 406
286 533
286 557
287 557
288 288
288 527
289 188
290 50
290 786
291 17
291 471
292 668
292 787
293 394
294 247
295 743
295 748
296 582
297 29
297 102
298 155
299 749
300 215
300 225
300 577
301 312
302 204
302 205
302 552
303 128
303 331
303 612
304 299
305 449
306 592
306 637
306 691
307 169
307 539
308 68
308 548
309 577
310 20
310 233
310 435
311 529
311 738
312 232
312 557
312 592
313 11
313 744
314 534
314 557
315 368
315 670
316 566
316 578
317 230
317 413
318 351
318 644
319 192
319 338
319 498
320 623
320 678
320 679
321 756
322 41
322 742
323 470
323 600
324 16
324 126
325 234
325 570
325 617
326 356
327 143
328 668
329 653
330 33
330 251
331 523
331 670
332 50
332 126
332 786
333 325
333 646
333 719
334 436
335 79
335 540
336 540
337 235
338 195
339 240
340 393
340 425
341 356
341 772
342 701
343 241
343 257
343 713
344 346
344 753
345 137
346 282
346 439
347 748
348 53
348 786
349 164
349 275
349 747
350 190
350 324
350 384
351 61
351 217
352 96
353 147
353 444
354 582
355 504
355 557
355 700
356 137
357 91
358 574
358 607
358 697
359 23
359 368
360 66
360 467
361 463
362 47
362 316
362 489
363 550
363 570
363 617
364 668
365 249
365 424
366 227
366 622
367 441
367 452
368 513
369 557
370 54
370 106
371 330
372 588
373 529
374 341
375 184
375 762
376 192
376 338
377 270
378 534
378 557
378 632
379 179
379 316
380 555
381 452
382 50
383 421
384 456
385 480
385 617
386 557
387 190
388 753
389 540
390 197
390 337
390 397
391 734
392 8
392 56
392 544
393 6
393 194
394 557
395 301
395 423
395 458
396 58
396 183
397 30
398 723
399 764
400 512
401 771
402 57
402 252
402 341
403 557
404 121
404 591
404 753
405 288
406 181
406 470
406 715
407 703
408 240
409 324
409 776
410 69
410 648
411 447
412 532
413 447
413 557
414 518
415 50
416 417
417 184
417 465
417 617
418 323
419 68
419 356
420 198
420 541
420 751
421 726
422 557
423 5
424 719
425 369
425 371
426 30
426 181
427 256
427 771
428 374
428 404
429 622
430 245
430 322
430 588
431 163
432 668
432 776
433 460
434 204
435 346
436 76
437 413
438 29
438 387
438 764
439 78
439 124
439 349
440 235
441 249
441 403
441 424
442 163
443 460
444 668
445 148
445 568
446 429
446 625
447 115
448 511
449 577
450 195
450 386
450 512
451 226
451 316
452 179
452 226
453 453
454 153
455 75
455 190
455 444
456 598
456 659
456 660
457 668
458 322
459 464
460 613
461 54
461 222
462 374
462 475
463 86
463 443
463 526
464 262
464 505
465 465
465 625
466 324
466 668
467 365
468 317
469 262
469 737
470 69
470 648
471 676
472 267
473 483
473 557
474 474
475 460
476 577
476 765
477 405
478 188
479 407
480 365
481 137
482 277
483 438
484 441
485 524
485 639
486 379
486 504
486 557
487 299
488 160
488 566
489 521
490 283
490 366
491 71
492 602
493 567
494 535
495 99
495 302
495 629
496 776
497 339
497 469
498 455
498 766
499 180
500 139
500 208
500 525
501 185
502 766
503 290
504 426
505 133
505 622
506 368
506 466
507 181
507 671
508 213
509 711
509 778
510 460
511 599
512 266
513 557
513 699
514 331
514 527
515 154
515 241
515 482
516 557
516 685
517 293
518 668
519 149
520 26
520 446
521 153
522 519
523 529
524 129
524 615
525 464
526 472
527 370
527 373
527 768
528 107
528 557
529 375
530 184
530 668
530 762
531 61
531 481
532 459
532 557
533 412
534 325
534 787
535 592
536 416
537 178
537 182
538 345
538 521
539 137
540 261
540 290
540 340
541 209
542 50
543 256
543 611
544 155
544 220
544 368
545 158
545 609
545 775
546 341
546 342
546 721
547 113
547 163
547 758
548 638
548 786
549 153
550 236
551 267
551 455
552 144
552 159
552 161
553 260
554 533
554 703
555 91
555 360
556 53
556 541
557 638
557 671
558 519
559 350
559 545
559 557
560 39
560 214
560 452
561 368
562 505
563 190
563 324
563 384
564 324
564 668
564 719
565 290
566 271
566 557
567 212
567 545
568 521
568 641
569 431
569 542
569 543
570 294
570 529
571 8
571 538
572 5
573 129
573 786
574 262
575 668
576 6
577 73
578 368
578 446
579 516
579 726
580 184
580 719
581 249
581 329
581 784
582 733
583 198
583 541
583 751
584 107
584 557
585 219
585 417
585 519
586 464
587 139
587 208
588 169
589 578
590 292
591 346
592 505
592 767
593 785
594 311
594 608
595 555
595 753
596 293
596 570
597 137
597 213
598 289
598 356
598 750
599 477
599 610
599 650
600 297
600 450
601 379
602 153
602 731
603 296
604 296
604 464
605 392
605 712
606 235
607 521
607 557
608 172
608 453
609 299
610 201
610 306
610 557
611 336
612 666
613 31
613 359
614 53
614 141
615 414
616 311
616 608
617 270
617 452
618 199
619 204
619 573
620 322
620 665
621 453
621 636
622 278
622 382
622 694
623 575
623 613
624 677
625 447
626 185
626 457
627 776
628 4
628 11
628 756
629 418
629 668
630 348
631 348
632 757
633 336
634 472
635 134
635 296
636 453
636 549
636 572
637 668
637 776
638 0
639 254
640 443
641 18
642 177
642 187
642 510
643 137
643 643
644 595
644 716
645 459
646 32
646 83
647 100
647 571
648 557
649 470
649 747
650 483
650 557
651 753
652 343
652 457
652 692
653 22
653 181
654 546
655 557
655 701
656 247
657 53
657 249
657 427
658 57
658 252
658 341
659 307
659 786
660 647
661 497
661 521
662 41
662 568
662 742
663 130
663 528
664 604
665 313
665 382
665 724
666 665
667 91
668 557
669 44
669 460
670 316
670 491
671 452
672 24
672 667
673 305
674 248
674 666
675 24
676 77
676 254
677 753
678 1
678 300
678 642
679 137
679 213
680 80
681 388
682 77
682 746
683 20
683 379
683 557
684 84
684 181
685 9
685 290
685 639
686 64
686 639
687 557
687 701
688 702
689 191
689 557
690 464
690 771
691 353
691 375
692 461
693 324
694 298
694 776
695 276
696 719
697 184
697 719
698 181
698 561
698 715
699 54
699 566
699 650
700 78
700 124
700 349
701 519
702 692
703 390
703 415
704 246
705 693
706 465
706 762
707 212
707 383
707 401
708 518
708 617
709 711
709 751
710 45
710 580
711 383
712 140
712 658
712 786
713 654
714 379
715 145
715 225
715 577
716 452
716 541
716 682
717 140
718 673
719 125
719 372
719 529
720 371
721 7
721 212
721 696
722 479
723 356
723 772
724 404
725 128
725 335
726 21
726 181
726 207
727 405
728 206
729 240
729 452
730 557
731 58
732 181
732 787
733 181
733 561
733 715
734 620
735 53
735 783
736 519
737 489
737 580
738 113
738 251
738 344
739 607
740 129
741 753
742 405
743 56
743 544
744 3
745 20
745 343
745 435
746 331
747 108
747 109
748 38
748 76
749 52
749 581
750 674
751 73
751 302
752 281
752 467
752 600
753 577
754 310
755 577
756 228
756 557
756 680
757 501
757 557
758 557
759 78
759 557
759 592
760 557
760 675
761 557
761 673
762 404
762 470
762 557
763 557
763 701
764 532
764 557
765 499
765 557
766 483
766 532
766 557
767 107
767 557
767 695
768 107
768 557
769 557
769 683
769 701
770 233
770 435
770 557
771 483
771 557
772 334
772 557
773 557
773 687
773 693
774 639
775 639
775 726
776 181
776 639
776 705
777 639
778 639
779 9
779 640
780 453
780 600
780 640
781 65
781 352
782 250
782 319
783 392
784 712
784 713
785 277
785 470
786 181
786 470
787 437
788 437
788 719
789 437
789 719
790 719
791 719
792 279
792 719
793 184
793 719
793 762
794 719
795 368
795 719
796 719
797 668
797 719
797 736
798 719
799 324
799 719
800 425
801 425
802 391
802 457
802 725
803 73
803 74
803 428
804 428
805 11
805 452
805 563
806 240
806 452
807 417
807 452
808 452
809 53
809 240
809 452
810 668
810 787
811 668
812 668
813 505
813 668
814 180
814 668
814 672
815 429
815 668
816 668
816 776
817 668
818 668
819 668
820 188
820 498
820 668
821 668
822 41
822 668
822 730
823 668
824 324
824 668
824 776
825 668
825 776
826 668
827 64
827 346
828 346
829 346
829 740
830 483
830 687
831 483
832 483
832 685
833 50
833 741
834 50
834 741
834 786
835 627
835 656
835 741
836 741
837 341
837 623
838 743
838 748
839 341
840 559
840 747
841 140
841 753
842 79
842 536
843 753
844 614
844 753
845 263
845 753
846 292
846 753
847 189
847 403
847 571
848 451
848 571
849 571
849 756
850 571
850 756
851 460
851 571
852 492
852 756
853 293
853 570
853 617
854 234
854 570
854 759
855 570
856 305
857 617
858 421
858 617
859 550
859 617
860 184
860 762
861 184
861 518
862 267
862 584
862 621
863 396
863 520
863 765
863 766
864 559
864 748
865 394
865 455
866 455
867 455
868 24
868 770
869 670
870 658
870 670
870 786
871 131
871 670
872 167
872 669
872 670
873 669
873 670
873 771
874 555
874 567
874 649
875 317
875 372
875 772
876 772
877 249
877 606
878 249
878 286
878 606
879 249
880 33
880 251
880 427
880 786
881 251
881 252
882 268
882 776
883 776
884 776
885 776
886 776
887 510
887 776
888 411
888 776
889 776
890 309
890 377
890 628
890 776
891 776
892 403
892 776
893 112
893 776
894 776
894 779
895 126
895 190
895 776
896 776
897 776
898 776
899 368
899 776
900 53
900 76
900 781
901 13
901 53
901 368
902 53
903 53
904 53
904 240
905 11
905 53
905 541
906 441
906 783
907 33
907 193
908 193
908 263
909 117
909 344
909 603
910 30
910 284
910 785
910 787
911 785
912 785
913 275
913 618
913 626
914 38
914 76
915 549
916 387
916 449
916 549
917 368
917 786
918 405
918 786
919 126
919 786
920 786
921 741
921 786
922 19
922 42
922 43
922 786
923 29
923 247
923 387
923 786
924 786
925 247
926 247
926 779
927 787
928 181
928 787
928 788
929 97
930 250
930 635
931 460
931 755
932 44
932 304
932 460
932 755
933 32
933 642
934 103
934 460
934 642
935 300
935 642
936 370
937 370
938 355
938 370
939 194
939 777
940 43
940 480
940 589
941 480
941 589
942 414
942 563
943 356
943 563
944 356
944 563
945 91
945 565
945 631
946 430
946 460
946 631
947 59
947 92
947 631
948 152
948 181
948 408
948 703
949 84
949 152
950 281
950 671
951 9
951 90
952 181
952 207
952 238
953 27
953 181
953 475
953 600
954 181
955 181
955 714
956 22
956 181
956 207
957 181
957 207
958 16
958 143
958 181
959 70
960 70
960 374
960 404
961 219
961 286
961 417
961 606
962 356
963 198
963 541
963 751
964 198
964 541
964 751
965 286
966 21
966 27
967 21
967 229
967 600
967 707
968 351
968 604
969 36
969 473
969 573
969 773
970 360
971 41
972 209
972 517
973 41
973 148
973 742
974 19
974 143
975 19
975 43
975 779
976 45
976 50
976 489
977 489
978 486
978 489
978 531
979 52
979 91
979 581
980 581
980 591
980 663
981 555
982 121
982 151
983 372
983 490
983 651
983 658
984 594
984 658
985 305
985 324
986 12
986 56
986 645
987 12
987 645
988 561
988 704
988 710
989 9
989 28
989 60
989 603
990 61
990 481
991 217
992 57
992 519
993 198
993 519
994 68
994 441
994 519
995 519
996 344
996 519
996 784
997 74
998 73
998 74
999 73
1000 117
1000 151
1001 76
1001 168
1001 551
1002 76
1003 435
1004 192
1004 340
1005 253
1006 59
1006 93
1006 300
1007 254
1008 492
1008 493
1008 597
1008 616
1009 118
1009 381
1009 585
1009 665
1010 263
1011 263
1012 98
1012 142
1012 302
1013 101
1014 101
1014 548
1015 92
1016 59
1016 104
1016 627
1017 59
1017 104
1017 308
1018 92
1018 369
1018 371
1018 380
1019 763
1019 764
1020 29
1020 387
1020 764
1021 29
1021 763
1021 764
1022 133
1022 442
1023 592
1024 647
1025 66
1026 183
1026 467
1027 116
1027 358
1027 359
1028 31
1028 359
1029 31
1029 116
1030 31
1030 116
1030 266
1030 679
1031 282
1031 727
1032 46
1032 122
1032 123
1032 171
1033 46
1033 51
1033 122
1033 171
1034 51
1034 122
1034 171
1035 165
1035 398
1036 279
1036 326
1037 91
1038 91
1038 189
1039 91
1039 155
1040 766
1041 105
1041 395
1042 131
1042 523
1043 131
1044 133
1045 135
1045 169
1046 135
1047 135
1047 136
1048 206
1049 79
1049 503
1050 79
1050 503
1051 667
1052 497
1053 64
1054 681
1055 172
1056 572
1057 362
1057 587
1058 453
1058 496
1059 58
1059 453
1060 565
1061 565
1062 577
1063 577
1064 577
1065 562
1065 577
1065 607
1066 577
1066 765
1067 417
1067 487
1068 369
1069 558
1070 71
1070 243
1070 311
1071 210
1071 492
1071 729
1072 492
1072 564
1073 746
1074 445
1075 746
1076 328
1076 402
1077 328
1078 241
1078 257
1078 321
1078 332
1079 155
1080 68
1080 614
1081 68
1082 713
1083 512
1084 368
1085 368
1085 665
1086 26
1086 368
1087 198
1087 270
1087 368
1088 279
1088 468
1088 690
1089 279
1090 754
1091 3
1092 37
1092 548
1093 420
1093 672
1094 385
1094 672
1095 552
1096 551
1097 13
1097 757
1098 661
1098 706
1099 352
1099 661
1099 662
1100 661
1100 662
1101 662
1102 671
1103 203
1103 579
1104 533
1104 684
1104 703
1105 708
1105 778
1106 705
1107 110
1107 170
1107 414
1108 60
1108 170
1109 590
1109 656
1110 460
1111 127
1111 680
1112 291
1112 622
1113 410
1113 622
1114 622
1115 17
1116 168
1116 471
1117 665
1118 177
1118 583
1118 665
1119 265
1119 304
1119 665
1120 315
1120 665
1120 779
1121 508
1121 572
1121 609
1122 316
1122 491
1123 316
1123 491
1124 316
1125 58
1125 183
1125 186
1126 15
1126 326
1127 326
1128 255
1129 621
1130 686
1131 192
1132 192
1133 192
1134 192
1134 498
1135 185
1135 278
1135 349
1136 10
1137 10
1137 146
1137 215
1138 216
1139 779
1140 484
1140 779
1141 48
1141 55
1141 779
1142 652
1142 655
1142 779
1143 197
1143 399
1143 503
1144 651
1145 176
1145 424
1146 233
1146 688
1147 202
1147 233
1147 688
1148 233
1148 688
1149 213
1149 643
1150 204
1151 204
1152 652
1153 25
1153 438
1154 218
1154 222
1154 438
1155 408
1156 751
1157 314
1157 339
1157 543
1158 248
1158 666
1159 361
1160 680
1161 306
1161 432
1162 500
1163 39
1163 44
1163 731
1164 338
1165 754
1166 168
1166 180
1166 297
1167 728
1168 219
1169 138
1170 218
1171 38
1171 445
1171 601
1172 115
1173 280
1173 416
1173 521
1174 280
1174 345
1174 416
1174 521
1175 521
1175 630
1176 690
1177 264
1177 269
1177 318
1177 690
1178 228
1178 327
1179 233
1180 728
1181 14
1181 62
1181 81
1182 14
1182 62
1182 81
1182 85
1183 400
1184 382
1185 382
1185 630
1186 54
1186 321
1186 502
1187 241
1187 295
1187 482
1188 782
1189 588
1190 588
1191 29
1192 156
1193 757
1194 82
1195 558
1196 328
1197 115
1198 63
1199 633
1200 58
1201 559
1201 745
1202 111
1203 242
1204 405
1205 154
1206 167
1206 176
1206 593
1207 488
1208 364
1208 624
1208 737
1209 28
1209 60
1209 94
1210 237
1211 119
1211 208
1211 525
1212 293
1212 537
1212 760
1213 745
1214 110
1215 272
1215 501
1216 394
1217 40
1217 268
1217 560
1218 575
1218 593
1219 345
1219 416
1220 345
1220 416
1221 173
1221 514
1221 575
1222 107
1222 120
1223 303
1224 402
1224 520
1225 456
1226 283
1227 540
1228 410
1229 136
1229 166
1229 448
1230 271
1230 334
1231 295
1232 320
1233 320
1234 720
1235 166
1236 161
1237 495
1238 333
1238 634
1239 634
1240 333
1240 634
1241 676
1242 464
1243 299
1244 299
1245 451
1246 3
1247 522
1248 15
1249 440
1249 474
1250 129
1250 440
1250 615
1251 260
1252 734
1253 422
1254 310
1255 462
1256 40
1257 510
1258 510
1258 583
1258 596
1259 619
1260 389
1260 748
1261 689
1262 143
1263 405
1264 680
1264 692
1264 694
1265 291
1265 436
1265 681
1266 595
1267 62
1267 85
1268 553
1269 450
1270 239
1271 463
1272 478
1273 196
1274 685
1275 769
1276 99
1277 767
1278 42
1279 259
1280 604
1281 434
1282 7
1282 212
1282 696
1283 72
1284 160
1284 357
1284 578
1285 134
1286 156
1286 276
1287 156
1288 35
1288 67
1288 246
1289 211
1289 419
1290 754
1291 235
1292 5
1293 5
1294 576
1295 335
1296 331
1297 288
1297 331
1297 527
1298 331
1298 485
1299 331
1299 485
1300 527
1301 288
1301 494
1301 527
1302 128
1302 335
1303 336
1304 546
1304 554
1305 367
1305 677
1306 620
1307 620
1308 620
1309 129
1309 615
1310 114
1310 586
1311 114
1311 324
1311 586
