0 599
1 305
2 473
3 270
3 660
4 560
5 472
6 551
7 121
8 97
8 324
9 597
10 597
11 48
11 443
12 26
13 75
14 273
15 289
16 551
16 702
17 56
18 645
19 19
20 468
21 226
22 646
23 599
24 726
25 165
26 311
27 719
28 547
29 9
30 275
31 670
32 506
33 48
34 736
35 58
35 275
36 31
37 681
38 517
39 653
40 169
41 736
42 87
43 477
44 275
44 460
45 286
45 442
46 475
47 560
48 166
49 215
50 487
51 315
52 395
53 517
54 107
55 245
56 473
57 567
57 597
58 695
59 267
60 269
61 592
61 694
62 337
62 357
63 360
64 735
65 719
66 275
67 86
68 503
69 647
70 721
71 402
72 293
72 633
73 432
73 689
74 416
75 346
75 597
76 129
77 416
78 385
79 444
80 355
80 566
81 208
82 569
83 130
84 541
84 641
85 731
86 461
87 597
87 725
88 401
89 636
89 710
90 252
90 454
91 376
92 217
93 529
94 435
95 186
96 338
97 714
98 80
99 311
100 89
100 400
101 363
102 341
102 497
103 653
104 551
105 257
106 561
107 657
108 181
108 735
109 160
110 38
110 173
111 100
111 506
112 34
113 124
114 300
115 517
116 163
116 337
117 339
117 548
118 58
118 275
119 417
119 606
120 332
121 473
122 38
123 86
124 437
125 114
126 265
127 218
127 270
128 81
128 620
129 562
129 701
130 330
131 569
132 586
133 303
134 685
135 176
136 421
136 578
137 221
137 460
138 724
139 78
139 383
140 367
141 492
142 397
143 289
143 570
144 238
145 555
146 624
147 328
147 649
148 366
149 140
150 221
151 677
151 704
152 559
153 454
154 268
155 543
155 623
156 482
157 315
158 275
159 567
159 597
160 396
161 408
162 538
162 686
163 461
163 631
164 243
165 622
166 365
167 294
168 129
169 285
170 719
171 153
172 700
173 47
173 424
174 597
174 725
175 673
176 726
177 198
178 307
179 722
180 89
180 481
181 275
181 381
182 355
182 566
183 46
184 252
185 637
186 275
187 296
187 505
188 294
189 716
190 146
191 593
191 623
192 275
193 125
194 716
195 566
196 457
197 185
198 10
199 382
199 714
200 380
201 294
202 260
203 297
203 691
204 597
205 456
206 101
207 275
208 305
209 275
210 32
211 155
212 615
213 205
214 707
215 275
216 239
217 52
217 365
218 310
219 119
220 324
220 529
221 53
222 265
222 460
223 320
224 405
225 506
226 524
227 531
228 494
229 483
230 262
230 446
231 5
232 15
233 431
234 569
235 124
236 110
237 536
238 98
239 400
240 485
241 603
242 155
243 315
243 668
244 150
245 462
246 263
247 370
247 470
248 51
249 219
250 412
251 693
252 109
253 18
254 736
255 597
256 188
257 253
258 418
259 124
260 171
261 539
262 12
263 8
264 169
265 222
266 25
266 682
267 222
268 226
269 607
270 517
271 258
271 379
272 84
273 330
274 684
275 182
276 67
277 530
278 175
279 658
280 380
281 284
282 275
283 712
284 208
284 218
285 173
286 487
286 659
287 489
288 614
289 252
290 18
291 472
292 66
292 433
293 391
293 514
294 379
295 404
295 520
296 70
297 251
298 105
299 145
299 484
300 502
301 465
301 608
302 181
303 728
304 354
305 663
306 728
307 675
308 316
309 196
310 173
311 597
312 185
313 111
314 185
315 473
316 72
317 542
318 659
319 403
320 250
321 208
321 255
322 616
323 269
324 204
324 432
325 453
326 515
327 124
328 474
329 587
330 10
331 21
332 230
333 391
334 222
334 639
335 127
335 510
336 12
337 315
338 526
338 718
339 207
340 411
341 271
341 619
342 323
343 537
344 288
344 656
345 158
346 189
346 679
347 536
348 27
349 61
350 339
351 226
352 557
353 719
354 605
355 591
356 703
357 130
358 190
358 741
359 407
359 585
360 197
361 23
361 65
362 315
362 668
363 417
364 315
365 464
366 484
367 733
368 355
369 683
370 719
371 673
372 314
373 368
374 474
375 451
376 612
377 243
378 107
379 709
380 451
381 130
382 376
383 637
384 99
385 473
386 332
387 111
388 315
389 517
390 343
390 426
391 221
391 381
392 320
393 402
394 733
395 199
395 200
396 107
396 556
397 549
398 136
398 197
399 296
400 597
401 152
402 425
403 516
404 621
405 688
406 319
407 11
407 74
408 164
409 26
410 707
411 301
412 489
413 529
414 455
415 296
416 36
416 51
417 41
418 564
419 51
420 360
421 64
422 3
423 158
424 60
424 590
425 697
426 392
427 380
427 435
428 399
429 49
430 724
431 727
432 362
433 351
433 595
434 32
434 241
435 345
436 183
437 275
438 12
439 672
440 516
441 726
442 350
442 594
443 576
444 498
445 659
445 699
446 452
447 167
448 335
449 473
449 505
450 403
450 581
451 450
452 410
453 41
453 87
454 413
454 687
455 89
455 377
456 19
457 162
457 739
458 630
459 618
460 3
461 44
462 59
462 327
463 299
464 309
465 253
465 625
466 122
467 503
468 132
468 708
469 47
469 424
470 597
471 24
472 289
473 253
474 272
475 311
476 95
477 684
477 692
478 340
478 514
479 706
480 615
481 740
482 244
482 648
483 241
484 724
485 13
485 564
486 19
487 455
488 275
489 393
490 275
491 30
491 282
492 98
493 315
494 208
494 722
495 45
495 405
496 246
497 46
498 143
499 168
499 239
500 360
501 554
502 516
503 121
504 575
505 316
506 57
507 418
508 49
509 6
510 499
511 597
511 725
512 412
513 22
513 209
514 285
515 706
516 118
516 479
517 250
518 450
519 192
519 546
520 270
521 507
522 440
523 42
524 250
525 193
526 326
527 112
528 382
529 597
530 184
530 275
531 499
532 260
532 555
533 129
534 161
534 372
535 617
536 230
537 559
538 331
539 210
540 495
541 46
542 363
543 275
544 557
545 678
546 26
547 275
548 665
549 299
550 254
551 530
552 354
553 707
554 517
555 128
556 740
557 19
558 661
559 318
559 523
560 281
560 312
561 185
562 740
563 642
564 42
565 583
566 213
567 644
568 275
569 459
570 71
570 143
571 602
572 735
573 339
574 646
575 665
576 72
577 67
578 377
579 420
580 408
581 303
582 688
583 185
584 208
584 646
585 44
586 715
587 646
588 521
589 47
589 424
590 597
591 32
591 285
592 187
593 588
594 162
595 161
596 724
597 600
598 127
598 510
599 11
599 74
600 27
600 223
601 147
601 438
602 462
603 412
604 0
604 196
605 289
606 632
607 151
608 454
609 526
610 308
610 338
610 430
611 403
612 6
612 7
613 134
613 175
614 124
615 89
616 614
617 114
617 275
617 303
618 262
619 54
619 651
620 580
620 622
621 412
622 119
623 429
624 180
625 116
626 252
627 391
628 490
629 374
629 741
630 673
631 672
632 284
632 357
633 387
634 681
635 250
636 100
637 395
638 356
638 712
639 365
640 289
641 504
642 437
643 395
644 313
644 714
645 49
645 335
646 170
646 500
647 70
648 9
648 723
649 201
649 386
650 269
651 69
651 249
651 398
652 655
653 83
654 159
655 68
656 626
657 49
658 466
659 390
660 139
660 231
660 431
661 195
662 691
663 705
664 104
664 108
664 633
665 697
666 609
667 419
668 28
669 347
670 597
671 719
672 271
673 392
673 501
673 718
674 209
674 545
674 597
675 481
675 496
676 629
676 683
677 513
678 323
678 643
679 6
679 59
680 535
680 542
680 615
681 158
681 597
682 62
683 328
684 157
684 463
685 46
686 79
687 696
688 419
689 458
690 524
691 411
692 107
692 587
693 688
694 429
695 82
695 123
695 551
696 275
697 688
698 175
699 175
700 159
700 737
701 226
701 464
702 473
702 670
703 194
703 240
703 667
704 346
704 423
704 597
705 16
705 61
705 373
706 443
707 584
708 160
708 699
709 601
710 298
711 66
711 433
712 275
712 296
712 397
713 420
714 597
715 5
716 125
717 169
717 598
717 638
718 461
719 229
720 518
721 195
721 527
722 606
723 40
723 467
724 372
725 170
725 500
726 270
727 680
728 308
728 719
729 376
729 422
730 394
731 396
732 184
732 275
733 483
733 693
734 586
734 690
735 616
736 42
737 322
738 174
738 692
739 388
739 685
740 221
741 389
741 711
741 714
742 56
742 283
742 382
743 492
743 650
744 505
744 556
744 611
745 553
745 645
746 608
746 670
747 81
747 427
748 124
748 341
749 472
750 716
751 149
751 716
752 352
753 276
754 586
755 452
756 382
756 597
757 537
758 409
758 652
759 275
759 556
760 160
761 559
762 673
762 677
763 529
764 275
765 363
766 559
767 398
768 271
768 619
769 33
769 191
769 391
770 582
771 289
771 408
772 89
772 285
772 454
773 287
774 707
775 38
776 228
777 366
778 640
779 208
779 255
780 85
780 285
780 369
781 38
782 441
783 421
784 722
785 438
786 506
786 534
787 6
788 6
788 55
789 300
789 676
790 117
790 294
790 627
791 16
791 211
792 119
793 83
794 471
794 689
795 461
796 96
796 625
796 666
797 109
798 124
799 733
800 13
800 126
801 7
801 128
802 128
802 736
803 130
803 700
804 135
804 470
804 732
805 138
806 140
806 708
806 716
807 75
807 406
808 23
808 148
809 149
809 732
810 149
811 436
811 698
812 1
812 15
813 153
813 439
813 635
814 516
815 114
816 155
817 634
818 596
819 102
819 275
820 187
821 158
822 153
823 136
824 49
824 294
825 170
825 500
826 170
826 500
827 140
827 716
828 88
828 95
828 671
829 11
829 74
830 314
831 49
831 294
832 176
833 319
833 417
833 419
834 713
835 180
835 662
836 180
836 662
837 180
837 662
838 506
838 639
839 185
840 185
841 124
841 167
842 266
843 352
843 664
844 404
844 520
845 626
846 411
847 192
847 546
848 372
849 370
849 732
850 558
851 331
851 562
852 264
853 92
853 339
853 628
854 266
855 202
856 205
857 720
858 285
858 306
858 454
859 384
859 478
859 550
860 4
861 203
861 354
862 307
863 38
863 214
864 407
864 585
865 216
866 252
866 397
867 151
868 507
869 220
869 538
870 14
871 583
872 277
872 476
872 528
873 493
874 153
874 726
875 726
876 279
877 279
877 565
878 724
879 673
880 356
880 410
881 63
882 47
882 114
882 424
883 146
883 504
884 233
885 509
885 632
886 588
887 67
887 236
887 261
888 278
889 24
890 363
890 603
891 416
892 416
893 39
893 71
894 37
894 414
894 540
895 248
895 305
896 248
896 305
897 247
897 334
898 352
898 498
898 664
899 434
900 389
901 178
901 577
902 304
902 491
903 55
903 212
903 256
904 256
905 568
905 571
905 608
906 294
906 469
907 572
908 468
909 543
909 578
910 107
910 120
911 120
912 94
913 151
914 393
915 224
916 717
917 299
918 97
918 589
919 35
919 646
920 281
920 312
921 281
921 312
922 551
923 27
923 606
924 243
924 305
925 503
925 718
926 140
927 440
928 379
928 482
929 44
930 44
931 376
931 422
932 7
933 7
934 357
934 597
935 357
935 597
936 242
936 348
936 357
937 357
938 597
939 260
939 602
940 295
941 122
942 72
942 590
943 72
943 137
944 46
945 715
946 120
947 340
947 514
948 547
949 73
949 177
950 398
951 401
952 74
953 308
953 719
954 719
955 418
955 719
956 573
957 718
958 616
959 533
959 738
960 613
961 66
962 188
962 217
962 218
963 188
963 218
963 317
964 253
964 646
965 320
966 323
966 528
967 513
968 533
968 703
968 738
969 68
970 604
971 58
971 330
972 330
973 253
973 333
973 681
974 702
975 509
976 482
977 524
978 524
979 729
980 131
981 628
982 408
983 408
984 378
984 636
985 316
985 378
985 636
986 342
986 548
987 345
987 544
988 246
989 156
990 331
991 331
992 530
993 530
994 402
994 723
995 71
995 142
996 70
997 603
998 203
999 358
999 593
1000 460
1000 575
1001 575
1002 597
1003 29
1003 488
1003 597
1004 597
1004 725
1005 545
1005 597
1006 567
1006 597
1007 17
1007 545
1007 597
1008 90
1008 371
1009 369
1010 409
1011 253
1011 275
1012 366
1013 234
1013 316
1014 296
1014 363
1014 428
1015 125
1016 41
1016 385
1016 579
1017 97
1017 589
1018 368
1018 409
1018 552
1019 76
1019 545
1020 292
1021 379
1022 382
1023 382
1024 214
1024 321
1025 542
1026 126
1027 174
1027 447
1028 77
1028 212
1029 512
1029 717
1030 302
1030 648
1030 730
1031 179
1032 653
1033 290
1034 225
1034 508
1035 155
1036 502
1037 566
1038 266
1038 325
1038 600
1039 391
1040 391
1041 391
1042 439
1043 252
1043 291
1044 2
1044 20
1044 614
1045 105
1046 608
1046 670
1047 162
1048 405
1048 553
1048 645
1049 92
1049 342
1050 144
1050 303
1051 144
1052 141
1052 713
1053 141
1054 246
1055 329
1056 93
1057 147
1058 152
1058 329
1058 669
1059 415
1060 415
1061 497
1062 206
1062 610
1063 417
1063 606
1064 162
1064 448
1065 377
1066 215
1066 275
1066 443
1067 232
1067 429
1068 567
1069 100
1070 344
1071 344
1072 344
1073 437
1074 18
1075 102
1075 527
1076 13
1076 227
1076 435
1077 366
1078 154
1079 693
1080 329
1080 538
1081 724
1082 259
1082 525
1083 685
1084 99
1085 445
1086 445
1086 507
1086 645
1087 32
1087 285
1087 427
1088 375
1089 733
1090 535
1091 642
1092 171
1092 734
1093 172
1093 353
1094 34
1095 328
1095 601
1096 442
1096 705
1097 486
1097 522
1098 450
1099 291
1100 130
1101 130
1102 508
1103 253
1104 253
1105 253
1106 253
1107 81
1107 501
1108 81
1109 515
1110 274
1111 254
1111 464
1112 709
1113 494
1114 68
1115 472
1116 91
1116 444
1117 174
1118 728
1119 519
1120 519
1121 472
1122 64
1123 447
1124 41
1124 87
1125 161
1126 86
1126 133
1127 275
1127 306
1127 427
1128 315
1129 336
1130 336
1131 483
1132 484
1133 484
1134 678
1135 563
1135 629
1136 563
1136 629
1137 563
1137 629
1138 456
1139 106
1140 721
1141 583
1142 12
1143 12
1144 517
1145 51
1145 85
1145 495
1146 736
1147 187
1148 502
1149 245
1150 275
1151 56
1152 56
1153 580
1154 440
1155 467
1156 1
1157 41
1158 143
1158 280
1159 109
1160 109
1161 511
1161 621
1162 621
1163 511
1163 621
1164 511
1165 515
1166 80
1167 499
1168 133
1169 453
1170 106
1171 517
1171 693
1172 517
1173 517
1174 8
1174 517
1175 688
1176 622
1177 310
1178 310
1179 43
1180 514
1181 728
1182 655
1183 517
1184 589
1185 235
1186 275
1187 275
1188 275
1189 554
1190 663
1190 693
1191 11
1192 364
1193 190
1193 741
1194 401
1195 574
1196 103
1196 574
1197 84
1198 434
1199 115
1200 115
1201 115
1201 532
1202 116
1203 573
1203 609
1204 237
1205 5
1206 480
1206 541
1206 641
1207 359
1208 660
1209 319
1210 213
1210 449
1211 85
1211 90
1212 61
1213 78
1214 693
1215 352
1216 222
1217 537
1218 124
1219 297
1220 555
1221 207
1222 43
1222 593
1222 690
1223 113
1224 32
1224 241
1225 349
1225 654
1226 674
1227 674
1228 3
1229 10
1230 338
1231 733
1232 455
1233 397
1234 32
1235 50
1235 116
1235 361
1236 8
